Capacity Allocation,Algeria,LNG 2021,LNG 2022,LNG 2025,LNG 2030,Libya,Norway,Russia,Turkey
0,0,48.82572594,48.82572594,64.9901095,69.37367114,0,49.95168607,0,0
0,0,0,0,0,0,0,0,58.95936717,0
0,0,0,0,0,0,0,0,0,0
0,0,0,0,0,0,0,0,0,0
0,0,0,0,0,32.87671233,0,127.6429355,138.2883768,0
0,0,0,0,6.849315068,6.849315068,0,0,3.684960448,0
0,0,0,0,7.123287671,7.123287671,0,0,0,0
35.82600436,0,20.88144254,37.59377131,44.44308637,44.44308637,0,0,0,5.01564061
0,79.94316972,195.6099838,195.6099838,195.6099838,199.1716276,0,0,0,0
0,0,122.1154948,122.1154948,160.7456318,190.0607003,0,58.34520709,0,0
0,0,8.188800996,8.188800996,8.188800996,20.24359552,0,0,0,0
0,116.4856942,48.5186459,51.25837193,52.62823494,52.62823494,48.72336592,0,0,0
0,0,0,0,4.109589041,4.109589041,0,0,0,0
0,0,12.48792152,12.48792152,12.48792152,12.48792152,0,0,33.26700405,0
0,0,0,0,0,0,0,0,0,0
0,0,0,0,0,0,0,0,77.99832948,0
0,0,39.40860479,39.40860479,40.77846781,40.77846781,0,98.57269199,0,0
0,0,0,0,0,0,0,0,0,0
0,0,16.17288197,33.98110114,46.30986827,46.30986827,0,0,137.0600567,0
0,0,20.47200249,20.47200249,20.47200249,20.47200249,0,0,0,0
0,0,0,0,0,0,0,0,119.0446945,0
0,0,0,0,0,0,0,0,0,0
0,0,0,0,0,0,0,0,207.5861052,0
0,0,0,0,0,0,0,0,22.51920274,0
0,0,0,0,0,0,0,0,0,0
0,0,165.4137801,165.4137801,179.1124103,179.1124103,0,153.4376587,0,0
0,0,0,0,0,0,0,0,0,0
0,0,0,0,0,0,0,0,0,0
0,0,0,26.57534247,26.57534247,26.57534247,0,0,0,0
0,0,0,0,0,0,0,0,0,0
0,0,0,0,0,0,0,0,12.48792152,0
